Alisson 0001 0 5000.00 1 5000.00
Daniel 0002 4 200.00 2 400.00
Thiago 0003 6 500.00 1 500.00
Marquinhos 0004 9 1000.00 1 1000.00
Alex 0005 7 300.00 3 900.00
Casemiro 0006 8 50.00 4 200.00
Lucas 0007 5 10.00 5 50.00
Neymar 0008 2 500.00 2 1000.00
Raphinha 0009 8 200.00 2 400.00
Vinicius 0010 3 300.00 1 300.00
Richarlisin 0011 9 2000.00 2 4000.00
Ederson 0012 8 300.00 1 300.00
Weverton 0013 6 5000.00 2 10000.00
Danilo 0014 4 200.00 3 600.00
Bremer 0015 6 900.00 2 1800.00
Eder 0016 8 50.00 1 50.00
Bruno 0017 1 15000.00 1 15000.00
Everton 0018 1 5000.00 2 10000.00
Fabinho 0019 2 500.00 3 1500.00
Fred 0020 9 1900.00 1 1900.00